15.602
13.241
15.524
19.822
15.284
15.313
16.466
17.103
19.427
18.776
18.593
15.694
18.010
17.036
18.595
19.774
16.620
13.855
14.507
17.159
13.628
14.001
13.501
16.553
13.664
14.951
15.311
14.810
14.087
16.411
13.453
20.838
25.855
26.082
22.818
15.231
15.533
20.948
18.835
18.574
15.642
15.724
18.258
16.526
15.317
14.218
15.338
14.871
17.097
17.531
20.500
22.082
16.913
15.607
13.850
14.148
15.968
16.017
18.042
17.878
14.028
14.328
13.770
18.501
16.576
21.074
25.799
33.452
33.569
42.905
30.969
27.015
24.411
17.167
17.539
16.130
19.449
22.447
18.199
16.358
14.500
17.851
17.485
17.063
14.689
15.737
23.537
18.483
19.231
24.128
14.819
14.965
12.401
17.976
29.306
28.499
26.487
18.573
18.293
22.429
