21.652
20.500
19.063
20.687
21.097
20.386
19.942
15.411
18.172
18.805
18.034
18.068
18.945
15.607
17.320
18.285
19.591
20.767
19.092
20.011
19.613
20.847
16.275
20.105
21.959
19.270
17.901
18.485
17.137
15.921
15.712
16.373
16.237
14.055
16.087
18.292
15.775
15.649
15.835
14.880
15.283
15.728
16.750
12.651
13.339
16.342
15.040
17.851
16.944
17.767
17.583
17.912
16.344
17.373
14.938
14.700
15.085
14.678
19.573
16.893
17.296
17.415
17.934
18.862
16.282
14.609
13.167
15.540
14.352
14.611
17.236
21.778
21.448
21.879
17.727
13.127
14.260
13.870
19.077
21.899
20.369
18.960
15.628
18.649
17.360
16.986
15.936
13.580
15.167
15.439
13.733
15.437
18.073
29.002
24.172
14.119
13.059
14.312
14.142
17.733
