13.489
21.036
14.349
19.301
22.481
15.611
18.979
19.778
19.229
18.071
16.737
16.473
16.966
15.159
14.293
11.639
12.756
13.728
15.270
12.818
14.968
16.458
20.619
12.870
17.394
22.120
21.271
11.999
11.862
17.001
18.932
17.933
16.557
14.795
18.590
15.700
13.667
13.738
10.086
11.172
12.581
12.607
11.600
12.620
13.565
10.501
11.077
10.133
09.126
11.611
11.313
12.793
11.216
12.734
12.286
11.564
11.890
11.218
09.727
11.234
09.445
09.934
10.375
13.726
12.561
12.848
11.143
12.913
13.198
12.984
14.074
11.985
13.036
13.143
13.594
11.627
12.664
11.660
10.825
11.470
10.503
09.709
10.195
11.735
12.686
15.427
13.665
12.011
11.194
15.744
15.462
15.040
12.041
12.688
12.390
12.683
11.762
11.888
11.644
12.118
